{
 "cells": [
  {
   "cell_type": "markdown",
   "source": [
    "Import data"
   ],
   "metadata": {
    "collapsed": false
   },
   "id": "55b453fab8a4c80"
  },
  {
   "cell_type": "code",
   "execution_count": null,
   "id": "initial_id",
   "metadata": {
    "collapsed": true
   },
   "outputs": [],
   "source": [
    "import numpy as np\n",
    "import pandas as pd\n",
    "\n",
    "from data_provider.m4 import M4Dataset\n",
    "\n",
    "seasonal_patterns = 'Monthly'\n",
    "m4 = M4Dataset.load(training=True, dataset_file='./dataset/m4')\n",
    "training_values = np.array(\n",
    "    [v[~np.isnan(v)] for v in m4.values[m4.groups == seasonal_patterns]])  # split different frequencies\n",
    "ids = np.array([i for i in m4.ids[m4.groups == seasonal_patterns]])\n",
    "data = [ts for ts in training_values]\n",
    "flat_data = np.concatenate(data)\n",
    "\n",
    "print('Dataset size: ', len(data))\n",
    "print('Flat Dataset size: ', len(flat_data))\n",
    "\n",
    "\n",
    "def create_bin_count_table(array, bin_ranges):\n",
    "    # Initialize bins\n",
    "    bins = [-np.inf] + bin_ranges + [np.inf]\n",
    "\n",
    "    # Calculate histogram bin counts\n",
    "    bin_counts, _ = np.histogram(array, bins=bins)\n",
    "\n",
    "    # Create a DataFrame for the table\n",
    "    bin_labels = [f\"Bin {i + 1}\" for i in range(len(bin_counts))]\n",
    "    histogram_df = pd.DataFrame({\n",
    "        'Bin': bin_labels,\n",
    "        'Range': [f\"<= {bin_ranges[0]}\" if i == 0 else\n",
    "                  f\">= {bin_ranges[-1]}\" if i == len(bin_counts) - 1 else\n",
    "                  f\"{bin_ranges[i - 1]} < n <= {bin_ranges[i]}\" for i in range(len(bin_counts))],\n",
    "        'Count': bin_counts\n",
    "    })\n",
    "\n",
    "    return histogram_df\n"
   ]
  },
  {
   "cell_type": "markdown",
   "source": [
    "Manual Discretization"
   ],
   "metadata": {
    "collapsed": false
   },
   "id": "91cc502f0f7bbfc7"
  },
  {
   "cell_type": "code",
   "outputs": [
    {
     "data": {
      "text/plain": "       Bin               Range   Count\n0    Bin 1               <= 50     180\n1    Bin 2       50 < n <= 100    2281\n2    Bin 3      100 < n <= 150    6018\n3    Bin 4      150 < n <= 200   10214\n4    Bin 5      200 < n <= 250   15506\n5    Bin 6      250 < n <= 300   17748\n6    Bin 7      300 < n <= 350   21369\n7    Bin 8      350 < n <= 400   23509\n8    Bin 9      400 < n <= 450   27758\n9   Bin 10      450 < n <= 500   30186\n10  Bin 11      500 < n <= 600   68144\n11  Bin 12      600 < n <= 700   84931\n12  Bin 13      700 < n <= 800  108837\n13  Bin 14      800 < n <= 900  141083\n14  Bin 15     900 < n <= 1000  236187\n15  Bin 16    1000 < n <= 1200  653551\n16  Bin 17    1200 < n <= 1400  551574\n17  Bin 18    1400 < n <= 1600  495732\n18  Bin 19    1600 < n <= 1800  439702\n19  Bin 20    1800 < n <= 2000  396096\n20  Bin 21    2000 < n <= 2500  856452\n21  Bin 22    2500 < n <= 3000  688273\n22  Bin 23    3000 < n <= 3500  605934\n23  Bin 24    3500 < n <= 4000  524010\n24  Bin 25    4000 < n <= 4500  467548\n25  Bin 26    4500 < n <= 5000  418899\n26  Bin 27    5000 < n <= 6000  780573\n27  Bin 28    6000 < n <= 7000  671333\n28  Bin 29    7000 < n <= 8000  574627\n29  Bin 30    8000 < n <= 9000  478078\n30  Bin 31   9000 < n <= 10000  429063\n31  Bin 32  10000 < n <= 12000  366573\n32  Bin 33  12000 < n <= 14000   96673\n33  Bin 34  14000 < n <= 16000   43485\n34  Bin 35  16000 < n <= 18000   22286\n35  Bin 36  18000 < n <= 20000   11944\n36  Bin 37  20000 < n <= 30000   14340\n37  Bin 38            >= 30000    1714",
      "text/html": "<div>\n<style scoped>\n    .dataframe tbody tr th:only-of-type {\n        vertical-align: middle;\n    }\n\n    .dataframe tbody tr th {\n        vertical-align: top;\n    }\n\n    .dataframe thead th {\n        text-align: right;\n    }\n</style>\n<table border=\"1\" class=\"dataframe\">\n  <thead>\n    <tr style=\"text-align: right;\">\n      <th></th>\n      <th>Bin</th>\n      <th>Range</th>\n      <th>Count</th>\n    </tr>\n  </thead>\n  <tbody>\n    <tr>\n      <th>0</th>\n      <td>Bin 1</td>\n      <td>&lt;= 50</td>\n      <td>180</td>\n    </tr>\n    <tr>\n      <th>1</th>\n      <td>Bin 2</td>\n      <td>50 &lt; n &lt;= 100</td>\n      <td>2281</td>\n    </tr>\n    <tr>\n      <th>2</th>\n      <td>Bin 3</td>\n      <td>100 &lt; n &lt;= 150</td>\n      <td>6018</td>\n    </tr>\n    <tr>\n      <th>3</th>\n      <td>Bin 4</td>\n      <td>150 &lt; n &lt;= 200</td>\n      <td>10214</td>\n    </tr>\n    <tr>\n      <th>4</th>\n      <td>Bin 5</td>\n      <td>200 &lt; n &lt;= 250</td>\n      <td>15506</td>\n    </tr>\n    <tr>\n      <th>5</th>\n      <td>Bin 6</td>\n      <td>250 &lt; n &lt;= 300</td>\n      <td>17748</td>\n    </tr>\n    <tr>\n      <th>6</th>\n      <td>Bin 7</td>\n      <td>300 &lt; n &lt;= 350</td>\n      <td>21369</td>\n    </tr>\n    <tr>\n      <th>7</th>\n      <td>Bin 8</td>\n      <td>350 &lt; n &lt;= 400</td>\n      <td>23509</td>\n    </tr>\n    <tr>\n      <th>8</th>\n      <td>Bin 9</td>\n      <td>400 &lt; n &lt;= 450</td>\n      <td>27758</td>\n    </tr>\n    <tr>\n      <th>9</th>\n      <td>Bin 10</td>\n      <td>450 &lt; n &lt;= 500</td>\n      <td>30186</td>\n    </tr>\n    <tr>\n      <th>10</th>\n      <td>Bin 11</td>\n      <td>500 &lt; n &lt;= 600</td>\n      <td>68144</td>\n    </tr>\n    <tr>\n      <th>11</th>\n      <td>Bin 12</td>\n      <td>600 &lt; n &lt;= 700</td>\n      <td>84931</td>\n    </tr>\n    <tr>\n      <th>12</th>\n      <td>Bin 13</td>\n      <td>700 &lt; n &lt;= 800</td>\n      <td>108837</td>\n    </tr>\n    <tr>\n      <th>13</th>\n      <td>Bin 14</td>\n      <td>800 &lt; n &lt;= 900</td>\n      <td>141083</td>\n    </tr>\n    <tr>\n      <th>14</th>\n      <td>Bin 15</td>\n      <td>900 &lt; n &lt;= 1000</td>\n      <td>236187</td>\n    </tr>\n    <tr>\n      <th>15</th>\n      <td>Bin 16</td>\n      <td>1000 &lt; n &lt;= 1200</td>\n      <td>653551</td>\n    </tr>\n    <tr>\n      <th>16</th>\n      <td>Bin 17</td>\n      <td>1200 &lt; n &lt;= 1400</td>\n      <td>551574</td>\n    </tr>\n    <tr>\n      <th>17</th>\n      <td>Bin 18</td>\n      <td>1400 &lt; n &lt;= 1600</td>\n      <td>495732</td>\n    </tr>\n    <tr>\n      <th>18</th>\n      <td>Bin 19</td>\n      <td>1600 &lt; n &lt;= 1800</td>\n      <td>439702</td>\n    </tr>\n    <tr>\n      <th>19</th>\n      <td>Bin 20</td>\n      <td>1800 &lt; n &lt;= 2000</td>\n      <td>396096</td>\n    </tr>\n    <tr>\n      <th>20</th>\n      <td>Bin 21</td>\n      <td>2000 &lt; n &lt;= 2500</td>\n      <td>856452</td>\n    </tr>\n    <tr>\n      <th>21</th>\n      <td>Bin 22</td>\n      <td>2500 &lt; n &lt;= 3000</td>\n      <td>688273</td>\n    </tr>\n    <tr>\n      <th>22</th>\n      <td>Bin 23</td>\n      <td>3000 &lt; n &lt;= 3500</td>\n      <td>605934</td>\n    </tr>\n    <tr>\n      <th>23</th>\n      <td>Bin 24</td>\n      <td>3500 &lt; n &lt;= 4000</td>\n      <td>524010</td>\n    </tr>\n    <tr>\n      <th>24</th>\n      <td>Bin 25</td>\n      <td>4000 &lt; n &lt;= 4500</td>\n      <td>467548</td>\n    </tr>\n    <tr>\n      <th>25</th>\n      <td>Bin 26</td>\n      <td>4500 &lt; n &lt;= 5000</td>\n      <td>418899</td>\n    </tr>\n    <tr>\n      <th>26</th>\n      <td>Bin 27</td>\n      <td>5000 &lt; n &lt;= 6000</td>\n      <td>780573</td>\n    </tr>\n    <tr>\n      <th>27</th>\n      <td>Bin 28</td>\n      <td>6000 &lt; n &lt;= 7000</td>\n      <td>671333</td>\n    </tr>\n    <tr>\n      <th>28</th>\n      <td>Bin 29</td>\n      <td>7000 &lt; n &lt;= 8000</td>\n      <td>574627</td>\n    </tr>\n    <tr>\n      <th>29</th>\n      <td>Bin 30</td>\n      <td>8000 &lt; n &lt;= 9000</td>\n      <td>478078</td>\n    </tr>\n    <tr>\n      <th>30</th>\n      <td>Bin 31</td>\n      <td>9000 &lt; n &lt;= 10000</td>\n      <td>429063</td>\n    </tr>\n    <tr>\n      <th>31</th>\n      <td>Bin 32</td>\n      <td>10000 &lt; n &lt;= 12000</td>\n      <td>366573</td>\n    </tr>\n    <tr>\n      <th>32</th>\n      <td>Bin 33</td>\n      <td>12000 &lt; n &lt;= 14000</td>\n      <td>96673</td>\n    </tr>\n    <tr>\n      <th>33</th>\n      <td>Bin 34</td>\n      <td>14000 &lt; n &lt;= 16000</td>\n      <td>43485</td>\n    </tr>\n    <tr>\n      <th>34</th>\n      <td>Bin 35</td>\n      <td>16000 &lt; n &lt;= 18000</td>\n      <td>22286</td>\n    </tr>\n    <tr>\n      <th>35</th>\n      <td>Bin 36</td>\n      <td>18000 &lt; n &lt;= 20000</td>\n      <td>11944</td>\n    </tr>\n    <tr>\n      <th>36</th>\n      <td>Bin 37</td>\n      <td>20000 &lt; n &lt;= 30000</td>\n      <td>14340</td>\n    </tr>\n    <tr>\n      <th>37</th>\n      <td>Bin 38</td>\n      <td>&gt;= 30000</td>\n      <td>1714</td>\n    </tr>\n  </tbody>\n</table>\n</div>"
     },
     "execution_count": 15,
     "metadata": {},
     "output_type": "execute_result"
    }
   ],
   "source": [
    "\n",
    "# Calculate histogram bin counts without plotting\n",
    "bin_counts, bin_edges = np.histogram(flat_data, bins=50)\n",
    "\n",
    "# Create a table of bin counts\n",
    "histogram_table = np.column_stack((bin_edges[:-1], bin_edges[1:], bin_counts))\n",
    "\n",
    "# Convert the table to a more readable format\n",
    "histogram_df = pd.DataFrame(histogram_table, columns=['Bin Start', 'Bin End', 'Count'])\n",
    "\n",
    "ranges = [50, 100, 150, 200, 250, 300, 350, 400, 450, 500, 600, 700, 800, 900, 1000, 1200, 1400, 1600, 1800, 2000,\n",
    "          2500, 3000, 3500, 4000, 4500, 5000, 6000, 7000, 8000, 9000, 10000, 12000, 14000, 16000, 18000, 20000, 30000]\n",
    "\n",
    "histogram_df = create_bin_count_table(flat_data, ranges)\n",
    "histogram_df\n",
    "\n",
    "\n",
    "# discretizer = Discretization(ranges)\n",
    "# print('Descretizing data')\n",
    "# discretized_data = [[discretizer.discretize(value) for value in element] for element in data]\n"
   ],
   "metadata": {
    "collapsed": false,
    "ExecuteTime": {
     "end_time": "2024-01-14T21:26:40.499774112Z",
     "start_time": "2024-01-14T21:26:40.013703919Z"
    }
   },
   "id": "6d3ce20161f7843b",
   "execution_count": 15
  },
  {
   "cell_type": "code",
   "outputs": [],
   "source": [],
   "metadata": {
    "collapsed": false
   },
   "id": "d0fab1fe7b56f090"
  },
  {
   "cell_type": "code",
   "outputs": [
    {
     "name": "stdout",
     "output_type": "stream",
     "text": [
      "[-1.75068607 -1.40507156 -1.17498679 -0.99445788 -0.84162123 -0.70630256\n",
      " -0.58284151 -0.4676988  -0.35845879 -0.2533471  -0.15096922 -0.05015358\n",
      "  0.05015358  0.15096922  0.2533471   0.35845879  0.4676988   0.58284151\n",
      "  0.70630256  0.84162123  0.99445788  1.17498679  1.40507156  1.75068607]\n",
      "y: 10382411\n"
     ]
    }
   ],
   "source": [
    "import numpy as np\n",
    "from scipy.stats import norm\n",
    "from pyts.approximation import SymbolicAggregateApproximation\n",
    "\n",
    "# SAX transformation\n",
    "n_bins = 25\n",
    "sax = SymbolicAggregateApproximation(n_bins=n_bins, strategy='normal')\n",
    "X_sax = sax.fit_transform(np.array(flat_data).reshape(1, -1))\n",
    "\n",
    "# Compute gaussian bins\n",
    "bins = norm.ppf(np.linspace(0, 1, n_bins + 1)[1:-1])\n",
    "\n",
    "# Show the results for the first time series\n",
    "bottom_bool = np.r_[True, X_sax[0, 1:] > X_sax[0, :-1]]\n",
    "\n",
    "print(bins)\n",
    "\n",
    "# Count unique values\n",
    "unique_values, counts = np.unique(X_sax, return_counts=True)\n",
    "\n",
    "# Displaying unique values and their counts\n",
    "for value, count in zip(unique_values, counts):\n",
    "    print(f\"{value}: {count}\")\n"
   ],
   "metadata": {
    "collapsed": false,
    "ExecuteTime": {
     "end_time": "2024-01-14T21:26:52.461518055Z",
     "start_time": "2024-01-14T21:26:49.626694639Z"
    }
   },
   "id": "ee3c37a9be94523e",
   "execution_count": 16
  },
  {
   "cell_type": "markdown",
   "source": [
    "SAX"
   ],
   "metadata": {
    "collapsed": false
   },
   "id": "6e0b9b3ee4a7e952"
  },
  {
   "cell_type": "code",
   "outputs": [
    {
     "name": "stdout",
     "output_type": "stream",
     "text": [
      "[1.17443501 1.28305097 1.35132386 ... 0.32102389 0.31171395 0.29309408]\n",
      "48000\n",
      "48000\n"
     ]
    }
   ],
   "source": [
    "import numpy as np\n",
    "from saxpy.znorm import znorm\n",
    "from saxpy.sax import ts_to_string\n",
    "from saxpy.alphabet import cuts_for_asize\n",
    "\n",
    "dat_znorm = znorm(flat_data)\n",
    "#dat_paa_3 = paa(dat_znorm, len(dat_znorm))\n",
    "print(dat_znorm)\n",
    "\n",
    "sax_flat_data = ts_to_string(dat_znorm, cuts_for_asize(20))\n",
    "char_to_int = lambda c: ord(c) - ord('a')\n",
    "sax_flat_data = [char_to_int(char) for char in sax_flat_data]\n",
    "sax_flat_data = np.array(sax_flat_data)\n",
    "\n",
    "original_shapes = [array.shape for array in data]\n",
    "reshaped_data = []\n",
    "start = 0\n",
    "for shape in original_shapes:\n",
    "    end = start + shape[0]\n",
    "    reshaped_data.append(sax_flat_data[start:end].tolist())\n",
    "    start = end\n",
    "\n",
    "print(len(reshaped_data))\n",
    "print(len(data))"
   ],
   "metadata": {
    "collapsed": false,
    "ExecuteTime": {
     "end_time": "2024-01-14T22:54:34.928868217Z",
     "start_time": "2024-01-14T22:54:26.445574107Z"
    }
   },
   "id": "7015cbf42b09370",
   "execution_count": 2
  },
  {
   "cell_type": "code",
   "outputs": [
    {
     "name": "stdout",
     "output_type": "stream",
     "text": [
      "[[ 2.99682385e+00  1.16848379e+00  1.09520267e-01  1.63611648e-02\n",
      "   1.68007753e-02 -3.05617866e-02 -3.59940505e-02 -1.34990554e-02\n",
      "  -6.59260889e-02 -1.08264769e-01  9.77156076e-03 -9.32387260e-02\n",
      "  -1.07838657e-01 -1.74006425e-01 -2.15598869e-01 -3.15904512e-01\n",
      "  -4.82235013e-01 -8.80356960e-01 -3.44550832e-01]\n",
      " [ 1.16848379e+00  5.24753056e-01  8.90816683e-02  9.91470468e-03\n",
      "   1.70700978e-03 -2.15162331e-02 -1.09521769e-02  1.48254580e-02\n",
      "  -1.09501127e-02 -3.30419973e-02  2.53840553e-02 -2.10369950e-02\n",
      "  -1.83074506e-02 -4.21250866e-02 -4.44119362e-02 -7.66257194e-02\n",
      "  -1.53006621e-01 -3.55150202e-01 -4.22421241e-01]\n",
      " [ 1.09520267e-01  8.90816683e-02  2.50508185e-02  1.88642005e-03\n",
      "  -1.81128981e-03 -5.98343428e-03 -2.20213247e-03  5.33482347e-03\n",
      "   4.73507459e-04 -4.44096702e-03  8.85831501e-03 -6.03861548e-04\n",
      "   1.88559952e-03 -1.59638561e-03 -7.68944430e-04 -5.46548396e-03\n",
      "  -2.01140097e-02 -5.53210557e-02 -1.15316810e-01]\n",
      " [ 1.63611648e-02  9.91470468e-03  1.88642005e-03  2.51419843e-03\n",
      "   2.35546470e-03  1.59125636e-03  2.75624129e-03  2.76294408e-03\n",
      "   1.86063483e-03  1.75477504e-03  2.95849513e-03  1.41393969e-03\n",
      "   6.85148682e-04 -8.99172239e-04  5.17150835e-04 -4.07466043e-04\n",
      "  -4.22732345e-03 -1.30268750e-02 -2.25828827e-02]\n",
      " [ 1.68007753e-02  1.70700978e-03 -1.81128981e-03  2.35546470e-03\n",
      "   2.71249871e-03  2.46750338e-03  3.34362255e-03  2.24729831e-03\n",
      "   1.44256739e-03  2.06007070e-03  1.73605411e-03  1.14834624e-03\n",
      "   2.22228764e-04 -1.48691520e-03 -4.03711243e-04 -7.74961997e-04\n",
      "  -4.31248360e-03 -1.00620246e-02 -3.29178864e-03]\n",
      " [-3.05617866e-02 -2.15162331e-02 -5.98343428e-03  1.59125636e-03\n",
      "   2.46750338e-03  2.98576251e-03  2.80434994e-03  9.70245754e-04\n",
      "   1.78954220e-03  3.12366387e-03 -6.34341789e-04  1.50820455e-03\n",
      "   8.08913684e-04  9.33604128e-04  1.68313174e-03  3.11667898e-03\n",
      "   5.42467469e-03  8.04048135e-03  1.06590949e-02]\n",
      " [-3.59940505e-02 -1.09521769e-02 -2.20213247e-03  2.75624129e-03\n",
      "   3.34362255e-03  2.80434994e-03  3.59910968e-03  2.87756801e-03\n",
      "   2.56174182e-03  3.21721209e-03  1.93117528e-03  1.94880933e-03\n",
      "   1.38249166e-03  9.22069550e-05  2.24331889e-03  2.57716334e-03\n",
      "   6.78539042e-05 -5.45881677e-03 -5.32939322e-03]\n",
      " [-1.34990554e-02  1.48254580e-02  5.33482347e-03  2.76294408e-03\n",
      "   2.24729831e-03  9.70245754e-04  2.87756801e-03  4.39321252e-03\n",
      "   2.43086925e-03  1.48299322e-03  3.77125005e-03  1.67786005e-03\n",
      "   2.34580990e-03  7.02307735e-04  2.88147840e-03  2.20973094e-03\n",
      "  -2.92740067e-03 -1.88340827e-02 -4.18510096e-02]\n",
      " [-6.59260889e-02 -1.09501127e-02  4.73507459e-04  1.86063483e-03\n",
      "   1.44256739e-03  1.78954220e-03  2.56174182e-03  2.43086925e-03\n",
      "   2.61891731e-03  2.82816778e-03  2.14772881e-03  2.47339865e-03\n",
      "   2.88613186e-03  2.82413163e-03  4.27420102e-03  5.98785879e-03\n",
      "   6.66195845e-03  7.71049421e-04 -2.27198094e-02]\n",
      " [-1.08264769e-01 -3.30419973e-02 -4.44096702e-03  1.75477504e-03\n",
      "   2.06007070e-03  3.12366387e-03  3.21721209e-03  1.48299322e-03\n",
      "   2.82816778e-03  3.69103372e-03  1.18376873e-03  3.36794780e-03\n",
      "   2.64311270e-03  3.12901054e-03  4.60339816e-03  7.15070607e-03\n",
      "   9.48149340e-03  1.23796551e-02  1.32423446e-03]\n",
      " [ 9.77156076e-03  2.53840553e-02  8.85831501e-03  2.95849513e-03\n",
      "   1.73605411e-03 -6.34341789e-04  1.93117528e-03  3.77125005e-03\n",
      "   2.14772881e-03  1.18376873e-03  8.26384850e-03  1.75116096e-03\n",
      "   1.59231204e-03 -1.53585673e-03 -2.56485700e-04 -3.29128140e-03\n",
      "  -1.22285248e-02 -2.89189554e-02 -4.16471395e-02]\n",
      " [-9.32387260e-02 -2.10369950e-02 -6.03861548e-04  1.41393969e-03\n",
      "   1.14834624e-03  1.50820455e-03  1.94880933e-03  1.67786005e-03\n",
      "   2.47339865e-03  3.36794780e-03  1.75116096e-03  2.24436193e-03\n",
      "   2.41514895e-03  2.97354322e-03  4.35371498e-03  6.18734542e-03\n",
      "   6.60420062e-03  6.95038491e-03 -1.06341069e-02]\n",
      " [-1.07838657e-01 -1.83074506e-02  1.88559952e-03  6.85148682e-04\n",
      "   2.22228764e-04  8.08913684e-04  1.38249166e-03  2.34580990e-03\n",
      "   2.88613186e-03  2.64311270e-03  1.59231204e-03  2.41514895e-03\n",
      "   3.78174976e-03  4.60213355e-03  6.15255450e-03  8.10678306e-03\n",
      "   8.69506941e-03  5.89355796e-03 -2.23502985e-02]\n",
      " [-1.74006425e-01 -4.21250866e-02 -1.59638561e-03 -8.99172239e-04\n",
      "  -1.48691520e-03  9.33604128e-04  9.22069550e-05  7.02307735e-04\n",
      "   2.82413163e-03  3.12901054e-03 -1.53585673e-03  2.97354322e-03\n",
      "   4.60213355e-03  7.90736794e-03  8.93815489e-03  1.39054627e-02\n",
      "   2.21846291e-02  2.97581939e-02 -1.37747432e-02]\n",
      " [-2.15598869e-01 -4.44119362e-02 -7.68944430e-04  5.17150835e-04\n",
      "  -4.03711243e-04  1.68313174e-03  2.24331889e-03  2.88147840e-03\n",
      "   4.27420102e-03  4.60339816e-03 -2.56485700e-04  4.35371498e-03\n",
      "   6.15255450e-03  8.93815489e-03  1.12668444e-02  1.69370149e-02\n",
      "   2.28066522e-02  2.21674557e-02 -2.50707606e-02]\n",
      " [-3.15904512e-01 -7.66257194e-02 -5.46548396e-03 -4.07466043e-04\n",
      "  -7.74961997e-04  3.11667898e-03  2.57716334e-03  2.20973094e-03\n",
      "   5.98785879e-03  7.15070607e-03 -3.29128140e-03  6.18734542e-03\n",
      "   8.10678306e-03  1.39054627e-02  1.69370149e-02  2.60799752e-02\n",
      "   3.94243974e-02  4.47610600e-02 -2.09596254e-02]\n",
      " [-4.82235013e-01 -1.53006621e-01 -2.01140097e-02 -4.22732345e-03\n",
      "  -4.31248360e-03  5.42467469e-03  6.78539042e-05 -2.92740067e-03\n",
      "   6.66195845e-03  9.48149340e-03 -1.22285248e-02  6.60420062e-03\n",
      "   8.69506941e-03  2.21846291e-02  2.28066522e-02  3.94243974e-02\n",
      "   7.28913288e-02  1.07514782e-01  2.92436178e-02]\n",
      " [-8.80356960e-01 -3.55150202e-01 -5.53210557e-02 -1.30268750e-02\n",
      "  -1.00620246e-02  8.04048135e-03 -5.45881677e-03 -1.88340827e-02\n",
      "   7.71049421e-04  1.23796551e-02 -2.89189554e-02  6.95038491e-03\n",
      "   5.89355796e-03  2.97581939e-02  2.21674557e-02  4.47610600e-02\n",
      "   1.07514782e-01  2.52491206e-01  2.22730773e-01]\n",
      " [-3.44550832e-01 -4.22421241e-01 -1.15316810e-01 -2.25828827e-02\n",
      "  -3.29178864e-03  1.06590949e-02 -5.32939322e-03 -4.18510096e-02\n",
      "  -2.27198094e-02  1.32423446e-03 -4.16471395e-02 -1.06341069e-02\n",
      "  -2.23502985e-02 -1.37747432e-02 -2.50707606e-02 -2.09596254e-02\n",
      "   2.92436178e-02  2.22730773e-01  6.55351572e-01]]\n",
      "Approximating...\n"
     ]
    },
    {
     "name": "stderr",
     "output_type": "stream",
     "text": [
      "100%|██████████| 57807/57807 [10:12<00:00, 94.35it/s]  \n"
     ]
    },
    {
     "name": "stdout",
     "output_type": "stream",
     "text": [
      "FeatureGraph with 5774 nodes and 57807 edges\n",
      "Threshold: 102219.43094306503\n",
      "Turns: 1398.0\n",
      "1 14,14,13,19,14,14,15,9,12,14,15,9,14,12,15,9,14,14,15,19,14,14,13,9,14,12,9,16,14,12,9,6,12,14,17,17,12,14,17,6,10,10,17,18,14,14,16,18,14,14,17,18,14,6,12,13,12,6,10,15,14,6,6,13,14,15,6,10,12,18,17,12,12,9,6,14,12,17,6,17,17,17,6,6,17,17,6,17,6,18,6,17,14,6,12,18,12,17,12,17,12,18,12,6,14,16,12,17,14,16,10,17,15,15,15,17,15,13,12,9,15,14,14,19,16,12,12,9,17,10,13,17,16,10,13,17,15,13,10,17,10,17,14,16,12,6,12,13,14,9,12,15,12,9,12,16,12,18,12,16,12,17,12,16,12,6,10,6,17,10,12,18,16,10,12,18,15,12,14,9,17,14,12,18,15,10,15,18,17,14,13,18,17,14,15,18,16,14,13,18,16,14,12,18,16,14,15,18,17,10,13,12,9,12,15,10,6,14,13,14,6,12,6,10,17,12,13,10,17,15,13,13,17,15,10,13,17,17,10,13,16,16,10,13,12,17,13,13,15,17,13,13,12,9,13,10,12,6,13,10,12,18,6,14,10,13,6,14,10,6,15,10,12,18,13,10,13,18,12,12,18,6,12,14,16,17,12,14,16,6,15,14,12,9,13,12,14,9,16,12,14,18,13,15,14,17,15,15,10,18,12,15,10,17,15,12,10,17,13,13,10,17,13,12,16,16,15,12,13,16,15,12,16,16,13,15,12,16,13,15,16,12,13,15,16,16,12,15,13,16,12,15,16,16,15,15,16,12,15,15,16,16,13,13,16,12,13,13,16,16,13,10,16,16,15,14,16,16,15,10,16,16,12,10,16,16,13,12,15,16,15,12,15,16,13,15,10,16,13,15,15,16,13,12,13,16,13,12,10,16,13,12,16,15,15,13,16,15,15,12,13,15,15,12,16,15,13,15,12,15,13,15,16,10,13,16,15,10,13,16,17,10,13,15,16,15,15,15,16,15,13,13,16,15,13,10,16,12,13,10,16,15,15,14,16,15,15,10,16,15,12,10,16,15,13,12,15,15,15,12,15,15,13,15,15,15,15,13,12,16,13,13,15,12,13,13,15,16,13,13,10,16,13,13,12,15,13,13,12,16,6,12,12,7,10,12,12,19,10,14,12,19,10,12,14,19,10,12,12,7,14,14,10,9,14,14,10,19,12,12,15,9,12,12,9,13,14,12,18,17,10,14,18,15,13,14,18,12,15,14,6,14,13,12,9,14,15,12,18,14,13,15,18,14,13,12,6,14,15,6,15,14,14,6,13,12,14,18,16,10,14,18,16,12,14,17,16,12,14,16,16,13,14,16,16,12,14,6,19,6,19,6,14,12,16,6,14,12,15,6,10,10,6,6,15,14,10,6,13,14,14,9,10,12,14,9,10,14,12,9,15,10,14,6,6,10,10,10,6,17,12,12,18,13,12,14,6,16,10,12,6,6,14,10,10,6,10,10,14,6,10,10,15,6,14,14,19,10,14,14,6,15,14,15,18,15,14,12,18,13,14,15,18,10,15,12,6,14,13,13,9,12,14,13,6,14,12,13,18,12,10,13,17,12,10,13,16,12,10,13,18,10,10,16,18,10,10,13,18,13,13,13,18,13,10,12,9,10,14,14,19,15,12,12,9,16,12,12,18,16,12,12,6,13,12,12,18,17,14,10,18,16,14,10,18,15,10,12,6,15,10,14,18,17,10,15,17,16,10,15,17,13,10,15,17,15,10,15,17,17,14,13,17,17,14,15,17,16,14,13,17,16,14,15,17,17,10,12,17,16,10,12,17,13,10,13,17,13,10,12,17,15,10,12,17,17,12,12,17,13,12,14,17,13,15,14,18,12,13,12,9,10,16,10,18,14,13,13,18,14,12,15,18,14,12,13,9,14,14,13,6,12,14,13,18,15,14,13,18,12,14,13,9,12,10,15,18,14,10,15,18,10,10,15,18,12,14,15,18,13,14,13,18,10,14,15,18,12,12,13,9,12,12,15,18,12,10,15,17,12,10,15,6,12,15,14,18,10,15,14,18,13,12,12,9,15,12,12,18,15,14,10,18,17,14,14,18,16,14,14,18,17,14,12,17,17,14,12,6,16,14,12,17,16,12,12,17,17,10,14,17,16,10,14,17,17,10,15,16,16,10,15,16,13,10,15,16,15,10,15,16,12,10,15,16,17,14,13,16,17,14,15,16,16,14,15,16,17,10,12,16,16,10,12,16,13,10,12,16,15,10,12,16,17,14,12,16,17,10,14,16,16,10,14,16,17,10,15,13,16,13,10,13,16,13,15,13,12,13,15,13,16,10,15,13,15,13,15,10,15,13,12,10,15,13,17,10,12,13,16,10,13,15,15,10,13,15,12,10,13,15,17,10,13,13,16,10,12,13,15,10,12,13,17,10,13,10,17,12,15,10,16,12,15,10,18,14,15,12,6,10,16,10,13,13,17,13,13,13,12,13,13,13,16,13,13,13,17,10,15,15,16,10,15,15,13,13,15,15,13,10,15,15,17,14,15,15,16,14,15,15,17,10,12,15,16,10,12,15,13,10,13,15,13,10,12,15,15,10,15,15,12,10,15,15,15,10,12,15,17,10,15,12,17,10,15,14,17,13,12,12,17,16,14,12,16,16,14,13,16,16,14,12,6,13,14,12,6,6,10,14,13,18,13,14,12,17,13,14,12,9,10,12,12,9,10,10,18,17,10,10,13,17,10,10,18,13,14,10,18,13,10,10,17,13,10,10,16,13,10,10,18,16,10,10,13,16,10,10,18,15,14,15,17,13,14,15,17,15,14,15,16,15,14,15,6,6,6,6,17,6,6,6,18,6,6,6,19,6,6,6,12,12,12,12,14,12,12,12,10,12,12,12,15,12,12,12,13,14,14,14,14,10,14,14,14,13,14,14,13,13,14,14,10,10,14,14,10,12,12,14,14,14,15,14,14,14,12,12,14,10,12,14,12,14,12,10,12,14,14,12,14,14,10,13,14,14,15,10,14,14,12,10,14,14,13,10,14,14,15,13,14,14,12,15,12,14,12,15,14,14,10,15,14,14,13,15,14,14,15,15,14,14,12,13,14,12,14,10,14,10,14,12,12,10,14,12,14,15,14,10,14,13,14,13,14,10,14,15,14,13,14,15,14,15,14,12,12,15,14,12,14,13,14,12,12,13,12,14,14,15,12,12,14,15,12,14,14,13,12,14,12,13,12,12,12,16,12,12,12,17,12,12,12,18,12,12,12,6,12,12,10,10,12,12,10,15,14,10,10,10,10,14,10,10,12,14,10,10,15,10,10,10,16,10,10,10,12,10,12,10,14,10,12,10,10,14,12,10,10,10,17,10,10,10,15,14,12,10,15,12,12,10,13,14,10,10,13,14,13,13,13,14,13,10,10,14,15,10,10,14,13,10,13,14,12,10,13,12,14,10,15,10,14,10,15,12,14,10,13,10,14,10,13,13,14,10,13,12,12,14,13,12,12,10,16,12,12,14,16,12,12,10,17,12,12,14,17,12,12,10,6,12,12,6,14,12,12,16,14,12,12,17,14,12,12,6,10,12,12,15,10,12,12,13,10,14,13,13,10,14,12,15,10,14,12,13,10,12,14,15,10,12,14,13,10,12,12,16,10,12,12,17,10,12,12,6,6,12,14,12,16,12,14,12,17,12,14,12,18,12,14,12,9,12,12,12,9,12,14,12,19,14,14,14,16,14,14,14,17,14,14,14,18,14,14,14,6,14,14,12,16,14,14,10,16,14,14,13,16,14,14,12,17,14,14,10,17,14,14,13,17,14,14,12,6,12,14,14,16,10,14,14,16,13,14,14,16,12,14,14,17,10,14,14,17,13,14,14,17,12,14,14,6,10,12,14,16,14,10,14,16,14,13,14,16,14,12,14,16,10,10,14,16,10,12,14,17,14,10,14,17,14,13,14,17,14,12,14,17,10,10,14,17,10,12,14,6,12,12,16,15,12,12,15,15,12,12,13,13,14,15,13,13,14,12,13,13,12,14,13,13,15,14,13,13,12,12,13,15,14,10,12,15,12,10,12,15,14,10,15,15,10,10,12,15,10,10,15,12,10,14,15,12,10,10,15,15,14,10,13,15,14,15,10,15,10,12,10,15,10,15,14,15,13,10,14,15,15,10,14,15,13,15,14,12,15,15,14,13,10,15,14,13,15,13,14,13,15,10,14,13,12,10,14,13,15,15,14,15,15,13,14,10,12,13,14,10,15,13,14,15,10,13,14,15,15,15,14,12,13,15,12,14,15,15,12,14,13,15,12,12,16,13,14,13,12,13,14,13,16,10,14,10,16,10,14,12,16,10,14,15,16,14,14,15,16,10,10,12,13,12,10,12,13,10,10,10,13,10,10,13,13,10,10,12,16,12,10,12,16,14,10,10,16,14,10,12,16,10,10,15,13,10,10,15,16,10,14,13,16,13,14,10,16,12,14,10,16,15,10,10,13,12,10,10,13,15,10,10,16,12,10,14,16,12,10,10,16,15,14,14,16,15,14,10,16,13,14,15,12,15,12,15,14,15,12,13,14,15,16,13,14,12,15,13,14,12,16,15,14,13,12,15,14,13,16,15,14,12,16,13,12,14,15,13,12,14,16,15,10,14,16,15,13,14,16,10,15,10,13,10,13,10,12,10,13,10,15,10,16,10,12,10,16,14,12,10,16,10,15,14,16,14,15,14,16,10,13,14,16,13,13,14,16,15,12,14,16,13,10,14,16,13,15,14,16,13,12,12,15,13,12,12,16,16,12,12,15,16,12,12,13,16,14,10,15,16,14,10,13,16,14,13,13,16,14,15,10,16,14,13,10,16,14,15,13,16,14,12,15,16,14,13,15,16,14,12,13,16,12,14,15,16,12,14,13,16,12,12,16,17,12,12,15,17,12,12,13,17,14,10,10,17,14,10,12,17,12,10,12,17,14,10,13,17,14,13,10,17,14,12,10,17,10,14,10,17,12,14,10,17,13,14,10,17,16,10,10,16,16,10,10,17,12,10,14,17,12,10,10,17,15,10,10,17,16,14,14,16,16,14,14,17,15,14,14,17,16,14,10,16,16,14,10,17,17,10,10,12,17,10,14,12,17,10,10,15,17,10,10,16,17,10,10,17,17,14,14,15,17,14,14,16,17,14,14,17,17,14,10,15,17,14,10,16,17,14,10,17,18,10,10,10,18,10,10,14,18,14,10,14,18,10,14,10,18,14,14,10,18,10,14,12,6,14,14,14,9,12,12,14,18,12,12,14,9,12,14,14,18,10,10,12,6,12,10,12,6,14,10,12,18,12,10,12,18,14,12,12,18,14,14,12,18,14,10,10,18,14,10,12,9,12,10,12,9,14,12,12,9,14,14,12,9,14,10,12,19,14,12,14,6,10,14,12,18,10,12,12,18,10,15,10,17,10,12,10,17,15,14,10,17,9,12,12,10,18,12,12,10,9,12,12,13,18,14,14,13,18,14,10,13,18,14,13,14,18,14,12,14,18,14,13,10,18,14,12,10,6,14,12,14,9,14,12,14,19,14,14,12,19,12,14,14,9,14,14,14,19,14,12,12,19,14,10,14,6,12,14,10,6,14,14,6,6,6,14,12,10,9,14,12,10,19,14,14,10,6,10,12,10,6,10,14,14,18,12,14,14,19,12,14,12,7,12,12,12,19,12,12,14,19,12,12,12,7,12,10,12,19,12,10,14,6,14,6,6,12,10,14,18,12,10,14,9,12,10,14,19,14,10,12,7,12,6,12,6,12,15,12,13,12,13,12,15,12,16,12,15,12,17,12,15,12,6,12,16,14,15,12,16,14,13,12,16,14,16,14,16,10,16,10,16,14,16,12,15,14,16,12,13,14,16,12,16,12,13,12,16,12,16,14,17,14,15,14,17,14,16,14,17,10,13,14,17,10,15,10,18,10,12,14,18,10,12,10,18,10,16,14,17,12,15,14,17,10,16,14,9,12,13,12,17,14,15,10,17,14,13,13,17,14,15,12,17,14,13,15,17,14,12,15,17,14,13,12,17,12,13,14,17,13,10,14,17,13,13,14,17,15,10,14,17,15,12,12,17,15,12,14,17,15,13,14,17,12,13,12,18,14,15,14,18,14,15,10,9,12,14,10,18,12,14,10,9,12,10,10,6,12,14,6,6,14,14,15,18,14,14,15,6,12,14,15,17,10,14,13,17,10,14,15,17,12,14,15,6,14,12,6,10,14,10,6,6,12,6,6,6,10,12,6,10,10,12,18,10,13,14,18,10,13,12,13,10,13,13,13,10,13,12,15,10,15,12,15,10,13,13,12,10,13,13,15,13,13,13,13,15,10,13,12,16,10,15,12,13,10,15,13,13,10,12,13,13,10,15,12,16,10,13,10,16,10,17,14,15,13,17,14,12,13,17,12,14,13,17,13,14,13,17,15,14,12,17,15,14,13,17,12,12,16,18,12,12,15,6,12,10,10,18,12,10,10,9,12,13,14,18,13,14,14,18,13,10,14,18,13,13,14,18,15,14,14,18,15,10,10,6,14,10,14,9,14,13,12,18,12,15,12,18,12,13,14,6,14,15,14,6,12,10,6,6,6,15,12,14,18,15,12,12,6,17\n",
      "Turns: 6106.0\n",
      "1 14,6,12,18,6,6,18,12,6,12,19,12,10,12,19,12,14,6,19,6,19,6,14,12,15,6,10,12,15,13,10,12,15,10,6,6,13,10,10,6,13,14,13,16,14,13,13,6,10,10,10,14,10,6,13,6,6,14,15,14,13,14,15,13,13,14,15,14,6,6,13,6,10,13,10,6,10,13,6,10,14,10,10,10,6,10,14,14,6,13,6,14,13,10,6,6,15,14,14,10,6,10,10,13,10,10,10,10,13,6,6,6,13,14,14,15,6,12,6,13,17,6,19,18,19,6,18,19,19,6,18,6,14,10,13,6,14,10,10,6,14,10,6,14,13,6,6,10,13,14,6,10,10,6,6,10,10,14,14,10,10,13,14,10,10,14,6,10,14,13,10,10,13,13,10,10,14,13,6,10,6,10,6,6,14,10,14,10,13,10,13,10,14,10,14,6,14,14,14,10,13,14,14,10,14,14,14,14,6,14,13,14,10,13,13,14,10,14,13,14,6,6,10,14,6,6,14,14,6,10,6,16,12,10,14,19,6,6,12,17,14,14,12,16,10,13,12,15,10,14,12,15,10,13,12,9,14,13,12,16,14,13,12,9,9,10,12,14,19,17,19,6,17,12,14,13,9,12,13,13,9,12,14,13,19,12,6,10,17,14,12,14,16,10,12,14,9,14,12,14,9,13,12,14,16,13,12,14,9,10,12,13,16,10,12,13,9,10,12,6,16,12,6,10,16,12,14,10,19,12,6,14,16,12,14,13,16,12,14,6,16,10,12,6,15,12,6,10,15,12,13,10,15,12,14,10,15,12,6,6,14,13,13,16,12,13,13,16,14,14,12,9,13,13,12,9,13,14,12,16,6,14,12,16,13,13,12,6,10,13,12,6,13,13,12,16,13,14,12,9,6,12,14,17,14,12,13,9,13,12,13,9,14,12,13,19,12,12,10,19,12,12,12,19,12,16,12,18,12,9,12,18,12,15,12,18,12,6,14,6,6,19,12,17,12,17,12,9,12,13,12,18,12,16,12,9,12,15,12,9,12,9,12,10,12,9,12,14,12,9,12,17,12,16,12,17,12,15,12,17,12,6,12,17,6,6,18,18,6,6,12,18,12,10,12,18,12,14,12,18,12,13,12,17,12,10,12,17,12,14,12,17,12,13,12,9,12,16,12,16,12,15,12,15,12,16,12,13,12,16,12,10,12,16,12,14,12,19,12,12,14,19,12,12,15,18,12,12,15,17,12,12,9,16,12,12,16,9,12,12,15,9,12,12,18,6,12,14,16,14,12,13,16,13,13,13,16,13,12,13,16,14,12,14,19,14,12,12,19,15,12,12,18,15,12,12,16,16,12,12,9,15,12,12,17,15,12,12,9,9,12,12,10,9,12,12,14,9,12,12,13,18,12,12,10,18,12,12,14,18,12,12,13,9,12,12,9,10,12,12,9,14,12,12,9,13,12,12,18,10,12,12,18,14,12,12,18,13,12,12,17,10,12,12,17,13,12,12,9,12,12,12,18,12,12,12,9,6,6,17,19,19,6,6,18,19,6,6,19,18,14,6,12,16,10,6,12,6,15,10,12,10,15,13,12,10,15,14,12,10,15,10,12,13,6,6,12,6,6,13,12,10,6,13,12,13,17,12,12,15,16,12,12,15,15,12,12,15,6,12,14,10,6,6,12,13,10,6,12,13,13,6,12,10,13,6,12,14,12,16,12,6,12,16,14,14,13,15,13,14,13,15,14,13,13,15,14,12,13,6,10,12,13,15,14,14,13,10,13,14,13,10,14,13,13,10,14,14,13,14,14,14,13,6,12,15,14,13,12,15,13,14,12,15,13,13,12,15,14,15,12,10,14,15,12,13,13,15,12,14,13,15,12,13,14,15,12,14,14,15,12,6,14,13,12,6,14,15,6,6,6,10,6,12,10,6,10,12,10,6,6,6,15,6,6,17,17,6,6,17,18,6,6,19,17,19,17,6,19,19,17,6,6,19,19,6,17,14,6,12,10,10,13,12,10,10,6,12,14,15,13,12,14,6,13,12,14,15,6,14,12,13,15,13,13,13,15,13,12,13,13,13,10,13,13,13,13,12,13,15,10,12,14,15,14,12,14,15,10,12,6,13,10,12,10,13,13,12,10,13,10,12,6,14,10,12,15,14,14,12,15,14,6,12,13,12,6,12,15,12,13,12,15,12,6,12,13,14,6,12,14,14,6,6,12,14,6,10,12,6,6,12,10,14,13,12,10,14,6,12,6,12,6,10,10,12,13,13,10,12,13,10,13,12,13,14,10,12,13,14,13,12,13,12,13,10,10,12,10,14,10,12,10,10,10,12,6,12,10,12,15,12,14,12,15,12,10,12,13,12,10,12,10,12,6,10,6,17,12,12,10,17,12,12,14,17,12,12,13,16,12,12,10,16,12,12,14,16,12,12,13,17,14,12,12,17,12,12,12,17,14,12,6,16,14,12,6,13,14,12,13,13,14,12,6,12,14,13,13,12,14,10,13,12,14,14,13,12,14,13,6,14,12,10,13,14,12,10,6,14,12,6,10,14,12,13,10,14,12,10,10,14,12,6,14,14,12,13,12,14,12,13,14,14,13,13,14,14,12,10,14,14,12,6,6,10,12,14,13,10,12,14,10,10,12,14,14,10,12,14,12,10,12,14,6,6,6,6,17,6,6,6,18,6,6,6,19,6,6,6,12,12,12,12,14,12,12,12,10,12,12,12,13,12,12,12,15,12,12,12,6,12,12,10,14,12,12,14,14,12,12,10,10,12,12,14,10,12,12,10,13,12,12,14,13,12,12,10,6,12,12,6,14,12,12,13,14,12,12,6,10,12,12,13,10,12,12,6,6,6,14,12,14,12,14,14,14,12,14,10,14,12,14,13,14,13,13,13,14,13,14,12,14,6,12,12,13,13,12,12,13,15,12,12,14,15,12,12,10,15,12,12,13,6,12,12,16,12,12,12,16,14,12,12,15,14,12,12,16,10,12,12,15,10,12,12,16,13,12,12,15,13,12,12,6,13,12,12,16,15,12,12,6,17\n",
      "Turns: 82522.0\n",
      "1 17,19,17,6,19,19,17,6,6,19,19,6,17,14,6,12,13,13,6,12,15,14,6,12,10,10,6,6,15,6,6,6,6,17,6,6,6,18,6,6,6,19,6,6,6,12,12,12,12,14,12,12,12,10,12,12,12,13,12,12,12,15,12,12,12,6,12,12,10,14,12,12,14,14,12,12,10,10,12,12,14,10,12,12,10,13,12,12,14,13,12,12,10,6,12,12,6,14,12,12,13,14,12,12,6,6,6,14,12,14,12,14,6,12,12,13,10,12,12,13,13,12,12,13,15,12,12,14,15,12,12,13,6,12,12,16,12,12,12,16,14,12,12,15,14,12,12,16,13,12,12,15,13,12,12,6,10,12,12,6,13,12,12,16,10,12,12,15,6,12,6,12,14,12,10,12,14,12,13,12,14,12,15,12,14,12,16,12,14,12,17,12,12,12,17,12,6,12,10,12,10,12,13,12,10,12,6,12,6,6,12,14,14,14,12,14,14,6,6,6,10,12,6,6,14,6,6,12,10,6,6,6,15,12,6,12,15,12,13,12,13,12,15,12,6,6,10,6,12,6,10,6,6,12,6,15,12,14,13,14,12,14,13,13,12,14,14,13,12,14,13,10,12,13,13,14,12,13,14,14,12,6,12,13,12,6,12,16,14,13,12,13,14,13,12,10,13,13,12,13,13,13,12,10,14,6,12,14,6,6,14,14,12,13,13,10,12,14,6,10,12,14,14,10,12,14,13,6,12,14,10,6,6,14,10,12,13,14,10,12,10,6,14,12,6,6,13,12,14,10,14,12,6,14,14,6,14,6,13,12,10,6,10,12,10,13,14,12,10,6,13,12,6,14,6,15,14,12,13,10,13,12,13,10,14,12,14,10,13,12,14,6,13,6,6,12,13,14,6,12,6,13,14,12,6,10,14,12,13,6,6,6,13,14,6,6,10,14,6,6,13,6,14,12,10,14,14,12,10,13,6,12,10,14,13,12,6,6,16,6,6,6,16,19,10,12,12,16,15,12,12,6,17\n",
      "Turns: 25090.0\n",
      "1 6,18,13,6,12,6,13,17,12,9,13,6,12,19,10,12,12,17,10,12,12,18,9,12,12,17,9,12,12,16,10,12,12,19,10,14,12,19,13,12,12,19,13,14,12,15,9,10,9,10,12,10,6,10,12,10,9,10,9,9,10,9,14,9,9,9,10,14,13,6,10,13,14,9,6,13,10,14,9,9,14,13,14,9,14,9,10,9,16,12,13,13,16,12,14,9,16,12,16,12,19,12,17,12,15,12,19,12,10,12,19,12,13,12,18,12,13,12,19,12,15,12,17,12,10,12,17,12,6,12,19,12,14,13,15,12,14,13,19,12,6,14,19,14,12,14,19,14,14,13,9,14,14,9,13,14,14,9,9,10,10,9,12,14,12,18,12,6,14,15,6,12,15,6,13,6,13,6,19,6,13,14,10,9,9,9,13,9,10,9,13,9,14,9,13,13,13,10,9,9,13,13,9,10,13,9,13,14,9,13,9,13,9,9,10,13,13,9,14,13,9,13,13,10,6,14,13,10,6,13,6,14,13,13,9,13,10,13,9,9,9,9,17,12,12,15,19,12,12,13,18,12,12,13,17,12,12,13,19,12,12,10,19,12,12,14,17,12,12,9,17,12,9,12,17,12,9,9,15,12,13,14,15,12,9,10,9,12,15,14,9,12,15,10,6,6,10,10,6,6,14,6,13,6,6,10,13,6,6,13,10,6,6,13,6,10,6,13,14,14,6,13,13,14,9,9,13,14,13,6,13,14,6,14,13,14,6,6,10,14,6,6,13,14,13,9,9,14,14,13,14,13,14,14,14,6,14,14,6,10,6,17,12,13,9,16,12,9,13,16,12,9,9,16,12,14,6,19,6,19,6,14,12,15,13,9,12,15,9,9,12,15,13,13,12,15,9,12,12,14,18,12,12,14,19,12,12,15,9,13,12,13,6,15,6,12,13,15,13,12,6,16,12,13,9,15,12,9,13,15,12,13,9,6,13,12,15,13,14,12,19,14,14,12,19,6,15,12,13,13,15,12,9,9,9,12,9,14,9,12,10,9,14,12,10,9,9,12,14,10,9,12,9,9,14,12,14,10,6,6,15,12,14,9,9,12,10,14,9,12,14,14,9,12,9,13,9,12,10,13,9,12,14,9,10,12,14,14,6,6,14,14,14,13,13,14,14,13,6,6,6,15,6,6,6,10,6,6,6,13,13,13,9,9,12,13,9,9,13,10,10,12,9,9,13,12,10,9,13,12,16,6,14,12,16,6,12,12,19,16,12,12,15,15,12,12,15,6,12,14,14,10,12,14,9,14,12,9,9,10,12,9,10,14,12,14,9,13,12,9,9,12,12,18,13,12,12,18,6,6,12,18,12,14,12,19,12,12,12,19,14,12,12,19,12,16,12,15,12,16,12,9,12,15,12,15,12,9,12,14,13,9,12,9,12,9,10,10,12,13,9,14,12,13,9,13,12,14,10,14,12,9,10,13,12,13,9,10,12,13,10,9,12,12,15,16,12,12,10,9,12,13,14,10,12,13,14,9,12,13,13,9,12,13,10,14,12,13,10,19,6,12,15,13,6,12,13,6,13,12,6,15,12,6,14,10,12,9,13,10,12,14,13,10,12,13,6,10,12,13,13,6,12,14,10,13,12,9,10,6,12,10,10,6,12,14,15,6,14,12,13,6,6,12,13,13,10,12,9,12,16,12,10,12,9,14,14,12,10,14,14,12,9,13,14,12,10,13,14,12,9,12,13,12,17,12,14,12,9,14,13,12,10,14,13,12,9,13,13,12,10,6,13,12,10,13,6,12,10,13,13,12,6,13,13,12,9,12,10,12,15,12,10,12,10,12,16,12,14,12,17,12,13,12,16,12,13,12,9,14,15,12,6,6,13,12,13,13,13,13,14,13,13,13,12,13,10,6,12,6,15,10,12,6,10,6,12,13,12,15,12,14,12,16,12,6,12,16,13,19,6,17,14,6,12,6,6,14,13,6,12,15,14,6,12,13,10,13,12,6,14,13,12,6,12,15,12,6,12,13,14,6,12,10,14,6,12,14,13,6,14,12,10,6,6,12,14,12,15,12,13,12,6,10,10,12,6,13,10,12,6,14,6,6,12,6,12,6,10,13,12,14,6,10,12,6,6,10,12,14,6,13,12,14,14,13,12,13,12,13,14,13,12,14,13,13,12,14,9,6,17,12,12,14,9,12,12,10,16,12,12,9,15,12,12,10,15,12,12,9,16,12,12,13,9,12,12,9,10,12,12,15,10,12,12,10,10,12,12,9,14,12,12,18,14,12,12,9,13,12,12,17,13,12,12,9,9,17,14,12,12,17,14,12,6,16,14,12,6,13,14,12,13,13,14,12,14,13,14,12,6,10,14,12,6,6,12,10,12,13,12,10,12,6,12,10,6,14,12,6,14,14,12,13,12,14,12,10,12,14,12,13,14,14,12,14,14,14,12,6,12,14,6,6,6,6,17,6,6,6,18,6,6,6,19,6,6,6,12,12,12,12,14,12,12,12,10,12,12,12,13,12,12,12,15,12,12,12,6,12,12,10,14,12,12,14,14,12,12,10,13,12,12,14,10,12,12,14,13,12,12,10,6,12,12,6,14,12,12,13,14,12,12,6,6,6,14,12,14,12,14,6,12,12,13,10,12,12,13,13,12,12,13,15,12,12,14,15,12,12,13,6,12,12,16,12,12,12,16,14,12,12,15,14,12,12,16,13,12,12,15,13,12,12,6,10,12,12,6,13,12,12,16,9,12,12,12,17,12,12,12,18,12,12,12,9,12,12,13,16,12,12,14,16,12,12,6,17\n",
      "Turns: 200720.0\n",
